1 870 2016 1963 1488 150 1676 2142 2517 1661 1422
2 624 2352 2300 2582 2109 1459 371 382 204 198
3 2256 1824 655 737 1449 2379 2068 2287 2030 339
4 1315 2479 98 1337 1755 992 1256 1497 1670 843
5 1243 1601 2228 1578 405 414 49 2484 2053 533
6 2283 1839 1183 41 46 1973 1611 1050 367 411
7 2023 1473 2444 249 797 1319 1893 1208 324 2451
8 518 1900 885 2187 808 1201 2308 2230 309 1024
9 2122 666 1713 122 2060 1496 2610 2499 716 2509
10 685 620 631 537 1364 1789 658 874 2206 2241
11 141 1697 711 2563 1320 675 169 2551 1929 280
12 2261 2535 263 2003 1943 191 2568 1535 2615 573
13 485 982 1262 225 378 163 1108 2587 2580 2017
14 1683 332 1230 2544 91 860 1643 1298 309 592
15 1417 1322 1825 1748 1075 1782 1290 2481 1429 1255
16 203 1705 2158 1342 2307 891 1075 2209 2311 435
17 881 1706 1592 2459 256 2067 314 2087 388 1760
18 1810 1235 789 2549 1688 2323 949 2071 2296 1503
19 2560 1445 2098 2137 1002 2217 2078 1262 415 2614
20 357 1994 1195 1666 426 2279 73 336 13 1018
21 417 229 1296 2438 1566 1693 1246 1851 627 449
22 1700 1815 912 409 763 1205 1058 2335 1587 2049
23 2586 1451 1502 2560 548 2078 2067 41 46 1819
24 2123 1562 177 313 93 401 976 1716 269 1769
25 1797 419 511 818 1278 2258 2324 1146 1009 179
26 1235 1688 1810 789 1662 2323 999 282 20 1034
27 82 312 2137 26 363 517 1470 349 824 2350
28 2150 423 390 1888 1446 1037 2134 1027 931 815
29 49 2050 467 1433 1551 2204 778 405 1601 1578
30 1531 315 2608 430 758 2225 884 2437 458 1620
31 1616 1140 747 1123 1710 732 2509 666 1913 1959
32 832 929 779 1860 321 1450 1317 2250 347 1881
33 1764 1926 29 1720 123 1490 1425 1617 165 2424
34 1347 1325 1583 341 955 2267 1201 619 2086 98
35 395 1415 1573 235 915 2188 492 1708 1767 1680
36 1888 1027 2150 931 423 2134 580 1037 1446 815
37 858 2278 1309 2401 1887 2466 70 185 2119 47
38 2219 1196 814 1502 349 2197 1279 1986 780 2262
39 2216 1840 969 1076 1587 1732 623 1225 2360 2138
40 1001 435 1331 147 2206 203 1100 2079 852 1348
41 1482 173 1661 2321 907 1303 119 58 257 2425
42 1500 1594 231 1788 1286 1444 1284 535 728 2541
43 1997 2571 1921 2029 2181 2036 1897 2264 945 2432
44 2554 1559 1205 475 1058 2335 234 146 763 404
45 2476 2454 2132 2413 1058 1228 763 1388 2182 1289
46 2043 810 1799 2087 2504 599 1454 1681 1414 805
47 2314 851 1259 507 38 1080 524 1972 1628 1037
48 1966 1327 256 1976 370 2094 84 1121 2381 2174
49 2497 1627 2540 1215 2451 471 2201 354 1848 153
50 823 432 846 489 1684 1618 670 873 2396 504
51 1647 1052 1557 2045 379 353 1994 1787 2273 2008
52 87 1520 1003 497 1126 2292 247 621 1657 201
53 1133 1684 1635 1894 415 1108 1332 1267 2017 2152
54 762 21 1871 2044 1046 1154 1138 2037 2080 833
55 2606 524 1026 1955 1118 261 1080 1037 1761 851
56 2580 2330 2306 225 1262 1108 1169 415 485 2587
57 696 2233 1268 2051 1572 784 2575 2005 154 993
58 407 567 307 1654 1031 16 1499 887 138 591
59 255 1147 736 1891 2210 998 1811 1279 2245 2197
60 485 163 982 2587 617 1778 61 927 2326 684
61 981 2001 1006 1779 1384 849 2584 809 574 1639
62 196 1401 1606 725 1097 1002 415 2017 2478 2459
63 324 797 1473 2528 892 533 2143 1521 1870 2116
64 2440 2376 440 2371 575 1815 2522 782 2592 2583
65 989 661 1281 1908 583 2204 2103 1750 148 1975
66 2160 83 1648 756 1434 1766 240 1370 688 410
67 916 1538 222 2031 1299 828 2263 513 516 968
68 2612 2465 1702 102 2561 2156 1146 1060 1968 1494
69 2166 1780 10 1756 945 1288 2432 1997 565 1459
70 681 1249 578 733 391 1377 1020 2511 1504 193
71 312 1470 130 2529 927 1964 1042 2011 824 2350
72 101 2428 2384 2513 641 1019 2531 730 917 878
73 314 1821 274 194 1057 1569 581 2109 2161 1313
74 2238 1512 662 2095 279 1051 2179 108 540 1073
75 529 1682 1872 1171 990 771 708 1366 995 690
76 3 2392 709 542 304 1481 1775 534 1695 1475
77 790 1527 100 192 1348 824 776 902 2445 1540
78 2087 2043 2504 2459 175 810 881 867 1799 1862
79 7 716 1940 2499 745 1244 2060 439 2398 2610
80 1454 810 1799 2043 2087 856 2504 543 1381 1681
81 2366 1293 807 817 194 1148 795 1501 1781 806
82 233 633 984 1532 796 408 1380 1519 164 261
83 519 1362 853 677 30 2277 1021 1329 86 1351
84 812 1900 1110 245 986 647 1770 2308 518 79
85 109 1128 2415 1901 782 1208 161 2413 2545 693
86 2355 97 76 1946 1985 1032 841 1791 533 892
87 1234 1422 1056 428 1833 2571 1662 2250 1034 2133
88 852 2585 865 2589 776 1357 386 596 264 1348
89 2070 1432 11 142 295 721 2299 1210 1382 1878
90 2037 1752 1033 882 2303 1004 1805 903 1214 1443
91 1595 1101 2113 1447 2395 1790 940 668 1006 1779
92 1692 716 1696 1774 2499 397 2398 1393 745 7
93 1914 2427 1831 2604 807 1687 1273 2015 1148 1501
94 2050 1433 1551 1300 2378 2204 972 168 1795 2058
95 2009 1739 1967 1228 2132 2280 2467 1135 1491 1289
96 934 241 1368 127 1783 2274 1372 1812 548 2177
97 103 1719 893 333 96 2494 656 530 1226 1447
98 1528 1014 1864 2542 712 1254 261 633 233 507
99 2093 2115 2436 2315 512 1135 1289 2009 1739 1971
100 2174 49 2376 2053 575 2371 1672 1437 440 2604
101 2321 72 907 1482 45 58 2425 119 178 1661
102 167 561 491 1207 547 1930 1173 886 208 2398
103 2444 1208 1044 109 1176 1427 742 533 1531 2105
104 2143 1870 206 2017 62 82 1108 982 1262 2580
105 558 2165 2010 1040 971 791 919 237 2144 1013
