1 1963 2517 2016 2250 150 870 1731 1833 1661 525
2 624 2352 2300 2109 2582 1059 371 1909 382 318
3 2256 1824 655 737 2307 1449 203 865 2404 503
4 1315 1755 1256 2479 1337 98 2496 1133 503 1324
5 1243 1601 2228 1578 405 49 2484 1870 1453 2262
6 1839 2283 1183 1973 41 1050 46 1611 1160 367
7 2023 1473 797 426 324 249 1893 2201 2173 170
8 518 1900 2187 1770 885 2308 1201 79 245 309
9 2122 666 2610 1713 2499 716 208 2398 2060 122
10 685 620 537 1364 631 1789 2241 206 874 1986
11 711 675 1697 2551 1929 947 141 1320 347 280
12 263 2261 2535 2003 191 1943 573 2568 2615 1535
13 485 163 2587 1108 982 2580 617 511 2326 61
14 1683 332 309 1201 860 91 1024 2544 1643 285
15 1417 1782 1748 1255 2481 1322 1075 1429 1290 2412
16 203 1705 2307 2158 2209 1342 1879 1075 891 2311
17 881 1592 2533 2067 1545 1422 2408 1982 801 388
18 1810 1235 2323 789 2549 1688 2071 1503 949 752
19 2560 2098 1445 2137 2217 415 1262 927 2614 2152
20 357 1994 2279 1018 13 426 1211 359 2107 1195
21 229 417 1296 2438 1566 2455 1693 1246 342 627
22 1700 1815 912 409 763 1058 1587 1205 2489 475
23 2586 1451 232 1899 2061 1502 1167 2108 1144 2531
24 2123 177 1562 313 93 401 1978 976 269 714
25 1797 1146 1009 1278 818 419 2258 1918 1953 2324
26 1235 1810 1688 1662 1034 789 282 2323 999 1822
27 82 312 2137 550 171 517 363 1262 338 2300
28 2150 390 423 1888 1738 837 1446 545 1272 719
29 49 2050 1433 467 1551 1300 2204 376 1601 2058
30 1531 884 315 2608 430 1334 758 1612 1620 458
31 1616 1140 1959 1123 2085 747 2343 993 1913 2482
32 832 779 1860 321 929 1450 2250 1802 1561 1317
33 1926 1764 1720 1617 165 123 2424 1651 1836 1490
34 1347 1583 1325 1201 341 309 955 2267 63 1146
35 1573 395 1415 235 1767 492 396 1680 1708 2188
36 1888 2539 144 1027 2150 423 570 390 580 1037
37 1309 2401 858 2278 1887 2466 1772 628 377 694
38 2219 814 1196 1502 729 349 1279 1274 1986 1002
39 1076 2216 623 265 969 1225 1732 936 911 1840
40 1001 435 1331 203 147 2206 1705 2307 2209 852
41 1482 1661 173 907 1303 2321 119 764 58 257
42 1594 1500 1788 1056 231 1444 2328 728 925 2102
43 2571 1997 2036 2029 2264 1921 1897 615 2181 1346
44 404 1058 2554 475 234 446 962 912 2049 409
45 2476 2454 2413 1058 1080 763 140 1228 2132 1388
46 2043 1799 810 2504 599 2087 867 1251 1681 1454
47 2314 1080 1037 1259 851 507 2242 38 524 2244
48 1966 1327 1976 1530 256 2094 1262 370 2381 1583
49 2497 1627 2201 471 2540 153 2451 2265 1646 170
50 823 1684 432 670 489 1133 504 1108 767 1332
51 1647 353 2045 1994 379 1787 1052 1557 2008 2273
52 87 1520 2511 213 652 2262 1657 198 675 711
53 1133 1684 415 1108 1894 503 2496 1332 1635 2152
54 762 2044 21 1871 1138 2080 833 509 2037 903
55 2606 1026 1955 524 1037 1080 261 838 1118 1761
56 2580 2330 2587 415 485 1108 982 602 1323 62
57 696 2233 2051 2575 1268 784 1572 154 1477 993
58 567 407 307 1031 1654 16 1499 591 739 2077
59 255 1147 736 1811 1279 998 1891 1506 2245 2210
60 485 2587 163 617 415 982 839 61 1108 2143
61 981 2001 1779 1384 849 1639 1006 809 2584 495
62 196 725 415 1401 2587 2152 503 2017 485 617
63 324 1473 797 2528 847 2116 892 1870 1620 1521
64 2440 2376 440 2371 575 1254 1849 1815 373 2405
65 1281 989 583 1975 661 9 1908 1750 2257 2103
66 2160 83 1648 1434 756 1766 240 688 1370 410
67 916 2031 1538 1299 222 513 828 2263 991 968
68 2612 2465 1702 102 1494 2156 1968 2561 1146 381
69 2166 1780 10 1756 1288 945 1285 2432 565 2447
70 681 1249 733 578 391 2511 1377 652 16 1360
71 130 550 1911 2291 718 2350 1964 312 135 434
72 101 2384 1153 2531 730 878 641 1019 2513 2502
73 314 274 1821 1057 1569 194 2109 2177 204 422
74 2238 1512 662 1051 2095 279 2179 1073 540 108
75 529 1872 1682 1171 990 2131 1366 771 708 271
76 3 2392 1481 304 1695 709 1141 2598 1588 36
77 790 100 1527 824 60 902 1876 1655 192 1011
78 2087 2504 867 753 2043 881 2459 1799 181 810
79 7 1940 2060 716 2610 2398 2499 122 1692 745
80 1454 1799 810 2043 2504 1251 1381 936 2087 543
81 2366 1293 795 817 807 194 1781 1501 1148 1117
82 233 984 633 1380 796 1532 408 164 1519 261
83 853 519 1362 30 1329 1021 86 677 1351 2277
84 812 1900 647 1770 245 79 1110 986 2308 518
85 109 1128 1024 2415 161 2187 2044 2461 2078 845
86 2355 1946 97 1985 76 841 533 1791 2319 892
87 1234 1561 428 2250 1422 1881 1444 63 1802 2517
88 852 2585 865 415 203 503 2589 2307 1705 1133
89 1432 2070 11 1878 721 295 2299 1771 142 1405
90 2037 1033 1752 1004 882 1214 903 1443 2303 1709
91 1595 1447 1101 2113 1790 2395 668 1779 1719 809
92 1692 716 397 2499 2610 2398 208 1774 167 1703
93 1914 2427 1831 807 1501 2604 1148 2002 1687 1223
94 2050 1433 1300 1551 2204 1795 972 2378 2058 168
95 2009 1967 1739 2132 1135 1228 2467 763 2182 254
96 934 241 127 1368 1372 1783 2274 422 548 2429
97 1719 103 333 1456 1903 1779 893 2584 1006 809
98 1528 1014 2542 1864 633 233 984 796 1519 1254
99 2093 2115 2436 2315 1135 1739 512 2009 1933 1289
100 2174 49 2053 161 2376 2100 2015 1148 1530 1545
101 2321 72 907 45 58 2064 178 119 1482 257
102 167 561 208 491 1930 1703 2398 2610 2499 716
103 1083 1308 921 520 2107 1436 1959 1354 1272 2578
104 2143 1870 982 2017 1323 62 1108 2580 602 503
105 558 2010 2165 1040 919 791 971 219 237 2144
