1 2425 1531 621 1847 1987 2074 1513 769 245 142
2 569 874 2300 2073 198 1054 405 2109 2582 2412
3 2256 655 737 2287 1449 2507 2206 2068 2539 2404
4 1337 2479 98 1324 511 1717 992 2196 2496 2404
5 1231 2228 1453 405 764 2016 351 568 1601 1804
6 1050 41 1973 713 1611 1756 1945 973 1082 2290
7 2023 37 1849 841 1127 426 1310 1627 402 1893
8 518 885 2187 1900 1201 1024 1770 79 2308 2230
9 2122 122 1496 2060 2610 2599 2398 1343 616 1940
10 685 620 1789 874 537 1364 2073 569 2241 1054
11 711 1320 675 1929 2551 1697 947 1820 391 347
12 263 2535 2261 2003 232 2316 1065 2571 191 493
13 1108 2137 1480 2580 2143 1381 1618 2496 1277 1537
14 1683 332 1230 1201 2044 1024 91 1709 2230 778
15 1417 1075 1782 1825 1322 1255 1429 393 2412 496
16 203 1679 1748 2488 852 890 523 1717 415 514
17 1592 1422 1057 388 2408 1372 606 498 1899 1706
18 1810 1235 908 1156 1485 2460 14 533 1710 138
19 2137 2098 2560 1445 1108 2416 415 935 2185 2614
20 357 1994 1195 359 1666 1018 13 2279 2226 353
21 229 417 1296 342 1566 2438 1246 1022 1892 449
22 409 1205 234 1058 810 2128 1700 599 2489 763
23 2586 586 1530 2067 2371 60 934 232 702 1083
24 2123 1978 401 177 976 313 1562 93 1092 1623
25 1278 1009 1146 511 419 1797 818 2258 2086 2324
26 1235 1810 1485 1156 14 2460 1425 1558 138 1710
27 312 82 2137 1381 2196 1280 2268 1267 1770 363
28 2150 390 423 1446 1865 2257 265 344 188 861
29 49 778 876 1578 1300 1243 1601 1750 2315 2204
30 430 2406 1240 1620 97 884 2608 2173 2325 1299
31 2085 732 666 1993 2343 2509 1959 1913 993 167
32 779 832 1317 347 321 1860 929 560 1736 1450
33 1764 2424 123 1926 165 1720 180 1836 640 2147
34 1347 1201 1325 2044 955 1583 2349 265 409 778
35 1573 915 235 2188 2566 2384 395 1415 1005 1835
36 580 1446 423 390 144 296 2150 931 1037 1888
37 1987 1847 142 2401 693 1135 245 2425 2278 621
38 814 2073 2219 537 1730 260 198 874 135 2190
39 89 265 911 2043 293 409 1226 2448 936 1480
40 1001 1331 2206 1717 203 147 514 415 1348 852
41 1482 1661 119 257 178 829 869 148 764 884
42 728 2328 2102 1056 1844 1286 231 2603 1505 308
43 1500 14 2136 1710 548 2211 1847 1006 143 256
44 234 475 1205 2128 404 108 1862 1058 409 2335
45 1121 1228 256 1147 1972 807 2087 1901 341 1810
46 2043 810 1799 599 1454 788 2504 881 753 1584
47 2314 1259 140 1080 38 2242 1037 524 114 2454
48 1327 256 1121 2211 807 14 2087 1147 1710 1500
49 2497 92 1849 1019 426 159 170 1646 1453 101
50 823 670 846 1684 196 485 504 1894 1498 489
51 353 2045 379 1994 2008 2273 1640 1647 2279 2157
52 1520 87 932 1653 231 997 1657 2511 652 1126
53 415 1108 2143 1267 82 2017 707 1274 1618 852
54 1644 1556 1486 1404 908 988 212 1531 533 1847
55 2606 1955 38 524 1037 1026 1118 1080 2325 2184
56 2580 1108 415 1480 2143 1618 2137 1717 707 511
57 2051 2233 993 784 1610 2005 8 2524 60 653
58 567 307 1031 2077 1346 1087 2272 739 887 1692
59 1279 736 255 2197 1811 1891 2245 998 1506 1002
60 1108 2143 415 706 1381 1618 82 1324 2017 1274
61 1384 981 1595 1639 1779 849 273 2282 2584 1456
62 2459 2143 415 2580 1108 2137 1618 1480 707 1274
63 324 797 916 2031 1538 1518 685 1473 498 115
64 2440 2376 2034 1372 708 1153 2372 1144 2531 1066
65 1281 583 1750 2553 148 2257 989 2204 1975 661
66 240 621 1847 1006 245 714 2425 256 1541 662
67 916 1538 2031 1453 222 560 2263 2586 1334 198
68 2465 102 1623 2561 955 1146 1218 2086 381 296
69 2166 1756 1288 1780 2432 945 1878 2447 1897 251
70 681 578 1249 733 2511 407 652 16 1155 47
71 730 2518 718 2578 135 34 1372 2080 2034 1899
72 2384 101 1453 2531 2513 1153 1915 2502 1102 878
73 314 274 1459 2177 422 2067 1821 2305 600 1881
74 1512 2238 2095 1051 2179 279 108 1073 540 2479
75 529 1366 990 271 1872 1171 23 771 995 861
76 3 1481 1695 304 2392 2107 709 1018 2598 1167
77 790 824 363 1395 1928 2447 955 2469 1236 1357
78 2043 810 1799 1405 753 2504 881 599 181 2459
79 7 1534 1940 1346 2060 2398 1692 2610 2599 1930
80 1454 1799 810 2043 639 2448 1584 1381 175 881
81 2366 807 548 526 714 1914 499 1687 1847 1901
82 245 2132 1972 808 2280 1121 1541 341 693 1147
83 853 1362 677 1021 1351 519 30 1584 185 956
84 812 647 1900 2296 1770 761 2323 1935 1717 1155
85 109 161 1128 1068 2592 782 211 805 1849 1251
86 533 1147 1121 1425 1312 1810 807 256 1847 1235
87 1234 1839 2003 34 1129 67 480 1422 1411 1629
88 852 2589 415 2268 776 511 203 1357 25 1717
89 1432 1400 844 2299 11 295 1878 144 1210 721
90 2037 1752 1033 882 1805 1004 1443 903 1709 1214
91 1595 668 1790 1384 2282 1639 1447 2479 1903 1456
92 1696 65 666 716 1774 208 167 2499 2184 214
93 1914 807 1687 14 1710 1933 1644 548 499 1437
94 1551 1433 2050 2058 316 1453 136 1795 329 2372
95 2009 1135 1228 1739 2132 2280 507 693 634 1541
96 548 807 2211 1810 1710 143 1644 14 1847 1687
97 893 333 1456 1226 1779 2479 1903 1595 1639 2282
98 1528 2542 1014 1347 233 984 1519 633 1532 1864
99 1135 2132 693 2425 1541 2093 1531 1847 662 245
100 2174 2053 2015 49 1387 2557 2440 1014 1253 805
101 2321 907 45 2064 72 58 348 1394 1197 173
102 561 1173 2398 1930 547 491 2610 1616 886 1703
103 1849 1436 2444 109 1170 327 1234 1526 306 888
104 2143 1870 1108 1618 2580 415 2137 2017 82 62
105 558 690 14 138 621 1235 2425 1810 1500 1425
