1 1234 1210 1043 1046 2176 2069 862 2420 1375 1530
2 2300 624 569 2352 1054 2582 1474 1789 1313 382
3 2256 378 2379 1449 655 2206 1001 1824 514 2404
4 1755 1315 1256 992 242 1379 433 843 1497 415
5 2132 327 610 64 1578 1604 1833 2143 312 1044
6 41 2283 713 1839 411 1973 1829 149 928 923
7 2023 2245 2201 1068 1453 225 630 370 1030 828
8 518 885 79 1201 986 808 1900 2581 647 1369
9 2122 1713 666 1496 214 2141 2199 1952 2600 616
10 685 569 537 1054 874 2300 1789 2073 222 1520
11 1320 711 1820 1697 1134 1929 2288 1200 1841 947
12 2535 263 2261 345 2419 999 2003 1943 2615 396
13 553 617 2587 839 927 163 1178 1730 1923 865
14 91 1298 1683 1230 2544 251 199 807 64 1976
15 1417 1255 1429 1748 1290 1782 2193 2534 2167 500
16 203 891 2311 1806 1342 1613 2209 1879 2158 435
17 1706 1982 759 369 1512 2179 345 1900 2150 1634
18 1810 949 1235 2549 789 2323 752 1503 63 1688
19 2560 2038 1537 1445 2098 415 2078 1178 1144 2327
20 357 1994 1018 1354 1211 2279 336 73 13 359
21 2438 1851 417 1030 1150 1028 1246 2267 687 1053
22 1700 404 475 1491 2489 2111 1815 1855 763 1058
23 2586 862 1135 361 2013 2539 2078 2211 1400 2247
24 2123 1562 93 313 177 401 1228 976 2520 1998
25 1797 1278 419 1116 950 511 2258 305 1216 1483
26 1235 282 1688 1034 277 1810 1662 2323 2549 789
27 82 312 26 363 1986 824 2196 680 854 2232
28 2150 1634 2593 245 521 278 662 759 1110 1982
29 49 778 467 251 322 2386 859 1433 576 695
30 1612 458 1531 2608 97 884 2437 1008 315 1791
31 1616 1123 2509 904 1086 2141 732 2199 1140 2433
32 779 929 1860 700 718 832 2565 2018 306 2456
33 1764 640 1720 1651 180 1836 29 584 1926 385
34 1347 1325 1583 903 2171 2548 188 62 102 2221
35 235 2188 915 1415 1573 395 2566 1005 1680 1835
36 580 144 2134 2539 2211 2165 2010 931 423 1951
37 2119 2278 2466 1887 1309 2211 2401 687 370 1072
38 814 1196 2219 2245 1626 2137 1002 631 2152 2587
39 2216 1840 1559 265 409 969 1587 2169 1076 2360
40 1001 378 435 1986 2206 1385 1717 706 2496 1324
41 1482 173 2016 150 1661 1303 1015 257 764 148
42 1594 340 1444 231 1844 1056 1500 1788 2328 2114
43 1997 1921 2036 2571 2029 2181 1710 1715 2264 1897
44 2280 2335 2111 642 266 2203 2049 1058 962 859
45 2476 1312 2454 31 2377 2211 1375 142 2593 2078
46 2043 805 810 599 2504 2163 1414 181 639 881
47 2314 990 1259 507 24 1080 2242 2454 524 2012
48 1966 862 1311 1976 1387 2084 414 2450 2420 2444
49 1627 2201 2126 1215 1646 153 354 471 2148 2619
50 823 145 489 846 670 1684 1085 1344 2331 1711
51 1647 353 1994 379 1557 2273 1052 2008 1787 2279
52 1520 87 1044 571 2247 1404 1003 77 1415 327
53 1684 1133 1894 1986 1324 82 2196 1001 2206 873
54 2375 668 1687 908 56 1709 1530 1440 1745 967
55 1118 2606 38 1955 1026 1586 234 409 28 1587
56 2580 2330 553 2206 2306 2331 1332 1133 1385 767
57 154 2005 784 2051 696 2233 993 1188 14 2575
58 567 1031 307 1654 591 2077 407 1087 2462 2272
59 255 736 2344 1811 1506 1279 998 2106 2210 1891
60 485 2587 617 927 2326 163 1778 2207 811 839
61 2385 2139 981 1440 1530 273 849 1869 1790 2336
62 196 935 1606 1618 1401 2478 62 725 2459 1986
63 324 797 1473 2201 222 828 1980 437 2565 1030
64 2440 440 845 1815 805 476 859 161 2376 2222
65 1975 157 1750 1022 836 1345 1281 2257 2553 989
66 1648 1434 2160 83 756 345 1568 369 144 1943
67 1538 916 2031 513 89 195 1348 991 2516 426
68 2612 2561 102 2465 1702 2156 1008 1623 1867 1218
69 2166 1780 1756 10 1959 2132 571 1991 2184 1218
70 1155 1377 2588 1895 218 2503 391 733 372 675
71 1213 1923 457 839 236 1483 135 1918 1730 78
72 2384 101 1453 730 917 1102 2428 1019 1548 1725
73 314 1117 194 1448 1135 361 1501 817 1092 1004
74 2238 465 2554 2179 1512 2095 108 1051 662 1982
75 529 1872 271 771 1366 1682 23 994 182 1950
76 3 2392 1775 304 709 124 1742 1481 1475 542
77 790 1527 389 396 64 2506 1833 100 1415 1536
78 2459 1597 181 366 881 911 726 2448 1226 639
79 7 2060 1940 1534 2345 122 745 2398 750 1856
80 1454 126 1681 1589 2175 2043 2038 463 2268 2164
81 2366 795 1293 817 194 526 2002 2100 14 2352
82 233 1380 633 408 995 1541 1532 984 164 796
83 519 1362 30 1021 853 1351 677 1329 86 1190
84 812 1110 1770 1900 245 79 647 2419 986 2170
85 109 1128 569 2300 2247 1054 1520 98 1044 2073
86 341 2355 807 1710 1235 1156 1513 526 398 1531
87 1234 1375 31 2474 1046 2377 1312 2106 1210 968
88 852 865 2585 596 264 776 1357 937 2382 25
89 2299 721 2070 1771 142 1382 11 1209 1432 144
90 1443 1416 2580 1214 903 2306 2330 2037 1709 882
91 1595 2395 604 1447 2515 1101 1790 2113 940 2168
92 716 1774 1692 439 745 1393 1952 1642 2398 2499
93 1914 1831 2420 862 1457 2427 2013 361 1871 1622
94 2050 1433 1861 2204 2058 1795 168 972 1300 2378
95 2009 1967 2467 2119 2211 2078 400 1019 1375 862
96 934 127 1368 1372 1962 113 2177 436 941 1570
97 1719 1639 333 103 1237 184 1226 893 2584 530
98 1528 1864 2542 1014 1950 1812 251 808 1449 53
99 2093 2115 1388 2413 2132 642 499 576 1135 49
100 778 2174 2119 370 49 400 1967 1672 1019 814
101 2321 72 1197 1394 2064 907 355 45 58 1661
102 561 167 466 1207 1343 491 887 1827 416 1161
103 84 632 396 2000 2219 631 422 733 1196 285
104 1870 617 839 2587 163 1178 927 485 1778 2326
105 558 2010 2165 1040 971 791 219 1541 2211 919
