1 870 1676 2142 150 2053 1963 1488 1661 2016 2484
2 2352 624 204 1313 1059 2109 2096 2161 371 1459
3 2256 737 1824 449 655 2287 2206 339 342 2068
4 1315 98 1337 992 1256 1755 2479 1670 1497 1866
5 1601 1578 1243 2228 405 414 620 892 2484 1620
6 41 1183 2283 1050 1611 1973 1839 367 300 2602
7 2023 533 1044 2442 892 845 2126 1032 2444 76
8 518 1201 2187 1900 885 309 1024 2461 245 808
9 2122 1496 666 1952 2610 2509 122 1703 1713 2060
10 685 620 537 631 1364 1789 874 2073 658 2241
11 1320 1929 1697 711 2140 947 1820 2551 118 1418
12 2261 2535 191 1129 2615 2003 472 1943 573 2318
13 1262 2326 2580 617 2267 485 706 378 200 1637
14 332 1683 2544 860 91 1201 2619 1230 1643 2461
15 1417 1075 1322 1825 1290 1748 1429 1255 1782 2158
16 203 1342 2158 891 2307 1705 1613 890 2209 1075
17 881 1592 1849 2128 2376 126 17 2043 2604 2216
18 1810 1235 949 1935 2296 1688 2071 1155 301 2460
19 1445 2217 2560 2078 2098 2614 1002 920 1891 780
20 357 1195 1994 1666 353 426 1557 1018 2273 2045
21 229 1566 1296 417 342 449 2438 1693 1053 2229
22 1700 1815 2522 440 1849 782 2043 1205 805 2489
23 2586 1451 2133 2219 224 1847 1327 548 1502 824
24 2123 1562 177 93 714 1567 313 269 704 1716
25 1797 818 179 950 2324 511 419 1278 1146 1116
26 1235 1810 1688 949 2323 1155 2071 2296 1935 282
27 82 312 2011 569 2190 517 2196 680 2137 839
28 2150 1634 390 1215 1801 143 1028 301 1276 1156
29 49 778 1231 405 414 316 2050 2174 1578 1601
30 430 1531 2608 2437 2406 380 1240 1334 1598 458
31 1616 666 1140 747 2141 1913 1123 2176 2509 2085
32 832 779 1317 1860 321 1736 2250 1450 347 1422
33 1764 1836 1926 165 1651 1720 180 29 2424 2147
34 1347 1786 1325 1976 2267 2305 1042 62 2461 341
35 1415 395 1582 235 492 1573 2188 915 1307 2566
36 1738 931 1888 580 1037 1446 2134 1200 272 815
37 1887 2401 858 2466 2278 1309 1883 694 59 2293
38 2219 1196 814 1502 2197 1147 1002 92 1279 780
39 2216 1587 409 265 5 89 912 969 175 1840
40 1001 435 147 1331 1100 2206 1385 203 1348 891
41 1482 173 1661 2321 119 907 257 58 2425 1303
42 1139 1286 1500 308 1505 445 535 1603 231 2102
43 1997 1897 2029 2432 2571 2181 945 2264 2447 1500
44 1559 2554 446 2489 17 146 254 1058 912 266
45 2476 1228 2454 2132 2413 1080 140 1388 642 2182
46 2043 810 1532 1799 805 1681 1251 599 2163 788
47 2314 1259 851 507 2454 740 24 1628 990 261
48 1966 2211 1121 1327 693 1847 845 533 1687 2133
49 2497 1215 1157 2540 471 159 1627 1848 834 2201
50 823 432 1684 489 873 846 670 1894 2396 1267
51 1647 353 1994 2273 1557 379 2045 1052 357 73
52 87 497 1520 2292 1003 621 2593 1241 201 2444
53 1684 415 1894 1133 1635 761 1267 462 1178 873
54 762 1046 2044 212 1685 1871 833 1941 988 21
55 1026 1955 524 1080 1254 1118 1761 2606 838 261
56 2580 2306 553 2330 225 1262 2037 2518 200 115
57 2233 784 2051 696 1572 154 1188 1477 2575 2005
58 407 567 1654 1031 307 887 683 591 1499 739
59 255 1147 1279 1891 1811 780 2245 1002 736 1506
60 2267 684 485 617 982 163 1381 2587 2326 1262
61 981 2001 1384 1779 1006 1998 809 2584 2317 1639
62 196 1097 1401 725 1606 2537 2459 1002 330 897
63 797 1473 324 1620 868 2528 2143 533 2452 1870
64 2440 440 2376 1849 782 575 805 1815 2522 2592
65 661 1281 1975 148 1750 989 156 583 1022 1908
66 2160 83 1648 1434 1766 240 756 688 1370 1339
67 916 2031 968 222 1538 2270 1299 2173 828 892
68 2465 2612 1702 102 1623 2156 2561 1060 1867 1968
69 2166 10 1780 945 1288 2432 565 1459 1756 251
70 681 578 1249 733 391 1020 1377 1155 1504 947
71 1976 1786 2305 2166 363 1042 1288 702 2086 2267
72 2428 101 2513 2384 1725 641 2531 878 1019 917
73 314 1821 194 1057 274 1313 930 2177 1459 1585
74 2238 1512 1051 2095 2179 662 279 234 108 1586
75 529 1872 1682 182 1171 1366 990 708 337 271
76 3 1481 2392 709 542 1695 1018 1141 304 1742
77 790 1066 2457 2469 21 1283 1439 1876 1371 1146
78 1405 881 293 256 2087 1939 175 1618 1587 17
79 7 1534 716 1940 745 2610 2499 2060 1713 1305
80 1454 810 1799 856 2043 1681 1251 788 805 599
81 2366 807 1781 1293 817 1117 795 194 2100 1448
82 233 164 1519 408 984 1532 674 1972 633 2542
83 519 1362 853 1021 677 30 956 86 1329 1351
84 812 245 986 647 1900 518 2308 605 1110 79
85 1128 109 1891 2267 2614 684 1147 2078 845 780
86 2355 97 1985 1032 1946 76 841 1791 533 2442
87 1234 388 1422 498 1671 1463 2133 565 2517 1553
88 852 2589 776 1357 2585 596 264 386 25 1316
89 11 1432 2070 2299 1382 721 1974 142 1772 1771
90 2037 2580 882 1148 1752 930 2306 2015 2468 1979
91 1595 1101 2113 1447 940 1790 2395 2515 1779 665
92 1692 1696 716 1774 2222 2184 397 666 622 1305
93 1914 2427 1831 807 2124 2420 2604 2015 2386 1293
94 2050 1433 1551 1300 2378 2204 168 1795 2213 972
95 2009 1739 1967 2132 1491 1228 2467 1135 1289 2413
96 2274 934 1368 548 127 1962 930 1372 565 1553
97 893 1226 333 103 1719 656 1460 2494 1447 1191
98 1528 2542 995 1950 1014 984 633 1864 2131 1972
99 2093 2115 512 2315 2436 2132 1135 1289 2009 845
100 2174 49 778 2376 1849 2440 405 1231 2583 2371
101 2321 2064 45 58 72 907 119 173 178 1482
102 886 547 167 2445 926 284 1173 532 1777 741
103 84 109 1147 1811 2219 1891 1279 92 2352 1044
104 2143 206 1870 82 2580 1986 863 2528 892 1620
105 558 237 219 1013 971 2144 919 2010 368 714
