1 548 1531 1644 621 2425 1500 1215 245 808 1851
2 1640 379 2331 1336 206 2300 2582 2008 2073 1172
3 2256 737 655 2507 2068 1449 2206 852 2379 2287
4 1337 98 992 1108 2479 1758 271 1717 511 1866
5 620 2376 845 1473 782 537 874 1849 2228 2440
6 41 1050 1611 928 1973 973 2290 713 2029 2055
7 2023 1849 916 841 805 1067 324 2031 2522 1032
8 518 1201 885 1900 2187 1024 2461 949 2230 63
9 2122 1496 122 2060 616 1703 7 1713 1952 2599
10 685 1789 620 1364 537 874 2073 868 2452 115
11 1929 711 1320 947 2140 675 2551 1200 1697 1820
12 2233 973 99 752 1284 2051 154 784 1505 1844
13 852 1108 2580 1274 2137 1337 378 2206 362 511
14 332 91 1683 2544 885 1201 860 1230 2461 2187
15 1417 1075 1322 1825 1290 1342 891 1429 901 1522
16 203 1679 94 1748 523 1108 2488 890 1324 323
17 1592 579 2216 5 2522 2241 2403 1587 2169 28
18 1810 1235 2460 1500 908 256 1215 1147 138 533
19 2560 2217 2614 1002 2098 1445 1262 2137 706 468
20 357 1666 1195 2226 1994 359 195 2193 848 1255
21 229 342 1566 449 2229 1892 1950 2438 1920 1246
22 1532 440 126 2043 881 409 234 599 1799 1205
23 2133 1451 2537 468 674 1891 2560 1787 2098 1502
24 2123 753 401 1716 727 1978 296 1532 976 2389
25 1146 1278 305 179 818 950 1009 1206 1797 419
26 1235 1810 1500 2460 1513 138 256 1215 908 245
27 82 312 1002 1381 2267 780 25 2137 1986 2161
28 2150 2066 611 1125 139 1071 1319 1217 2520 531
29 49 2050 2436 2204 358 2315 1519 1750 876 1300
30 430 2608 2406 1620 884 645 458 1008 968 1240
31 666 2085 732 2509 2176 1959 993 1993 1924 647
32 832 1317 1422 1736 2089 347 779 1271 248 195
33 1836 180 1764 165 2147 123 2424 1926 1720 640
34 1347 2098 1976 2537 2037 930 1545 2217 363 2067
35 235 2505 1307 1835 2156 2566 2054 222 825 886
36 1738 423 144 1037 931 390 1446 580 1254 1263
37 1987 1710 1500 1513 14 138 142 245 1541 1135
38 874 2073 537 553 620 2331 1473 868 196 1196
39 409 911 936 89 175 2448 1618 265 271 726
40 1001 1331 2206 147 852 203 1108 1100 1381 378
41 1482 1661 119 884 257 2022 869 1464 2436 2605
42 535 1286 752 1505 728 1139 1284 308 1603 2102
43 1500 2136 1513 1810 1147 548 14 256 533 621
44 1279 22 2448 1905 349 540 1274 432 593 2453
45 1228 507 714 2132 512 2087 558 2009 851 1972
46 2043 810 1532 1799 599 881 126 440 2320 753
47 2314 1259 2454 2242 990 205 2413 1025 140 342
48 2211 1914 1121 533 1327 807 1147 1437 1847 548
49 2497 805 2522 2592 847 1849 916 1067 1937 797
50 823 489 1684 846 670 1894 873 145 2361 1315
51 353 1994 2008 379 2045 73 2273 2193 359 1332
52 1519 497 42 1955 646 296 1003 1125 1457 1106
53 415 852 82 1267 1274 271 761 1108 1986 726
54 1685 988 595 1486 212 808 1847 1644 1147 245
55 2606 1026 1955 1118 38 1254 603 218 1519 1532
56 82 2580 1002 852 726 2137 1108 1274 2614 1381
57 2051 2233 154 784 2005 2524 993 8 1305 928
58 567 1031 307 2077 591 887 2272 1820 683 1087
59 255 1279 2197 2344 780 1002 1811 2245 1900 2217
60 82 1381 415 2267 1002 726 2143 84 1274 852
61 1384 1595 2569 1779 1168 1639 23 1456 1237 1965
62 1002 330 82 2137 1274 415 2459 84 2143 1279
63 797 324 1849 685 916 1032 841 115 2031 386
64 2440 2376 782 1849 845 1311 186 2522 445 805
65 989 1281 1022 583 1750 661 1975 836 148 2438
66 240 2087 245 1006 690 1541 1847 2593 2540 1987
67 916 1849 1538 2031 1032 386 805 2522 2376 2440
68 102 2465 1623 99 1218 2561 2066 1867 2172 812
69 2166 1756 1288 2427 945 1831 2067 1459 1313 565
70 681 578 733 1249 1155 1568 1301 215 301 676
71 78 1068 1637 2208 1066 2586 2298 1336 1440 606
72 2513 2384 101 2531 1453 1915 917 2428 1725 1102
73 314 2274 2604 2174 1313 194 1962 2124 1831 778
74 234 108 1512 1586 1073 2095 2179 1381 540 271
75 529 771 990 1366 1 271 995 1950 1519 337
76 3 1481 1018 304 1141 1988 709 1167 2279 848
77 2469 1463 2362 824 778 1876 1655 2037 955 2463
78 1405 2043 1532 175 1799 881 753 1537 1939 1267
79 7 1534 745 1940 1703 1713 2398 2610 2599 1343
80 1454 810 1799 2124 1381 2320 2043 1532 2604 425
81 2366 807 1513 256 769 1914 1485 1500 1147 1121
82 1972 2087 1541 1121 507 662 2132 512 1228 714
83 2257 956 1971 853 2186 1362 836 677 344 1021
84 812 1900 949 986 647 518 1448 99 1152 1433
85 1128 109 1849 115 1667 684 1032 2331 327 5
86 533 1147 1500 1215 621 1531 1513 256 2593 245
87 1234 1422 27 388 790 445 2034 1231 2586 1066
88 852 2589 776 25 1357 2137 2206 82 937 264
89 1432 11 844 2299 599 1380 1867 1405 881 1008
90 2037 2206 2580 1752 1805 885 2469 882 44 1620
91 1595 668 253 1384 1639 893 2282 323 2479 1790
92 1696 65 2184 716 416 666 2499 1642 2085 2536
93 1914 807 533 2136 2211 1147 1121 1437 1500 256
94 1551 2058 1575 2273 405 353 1994 579 1211 1481
95 2009 2132 1739 1228 714 1541 507 1135 512 1121
96 548 807 1644 1404 1437 1687 621 1847 662 2136
97 893 333 1226 23 323 1779 1036 1237 1092 2282
98 1528 2542 1864 633 1468 2340 1519 1254 984 727
99 2132 1541 1121 662 245 533 512 1135 1147 1914
100 1231 388 445 1422 353 405 1676 2109 1311 1994
101 2321 2064 72 1197 907 1394 2016 58 173 45
102 547 886 1173 491 2445 2398 1930 121 1703 561
103 2522 1251 1059 521 2444 109 1012 2403 2592 115
104 2143 82 1243 1870 1002 415 852 1381 726 1279
105 558 714 690 634 1228 526 1165 1541 507 1513
