1 533 1275 752 1528 1810 2133 2376 2386 251 2166
2 1054 198 624 569 685 1811 962 1313 2054 874
3 2256 1824 2416 737 1449 1062 1960 2539 333 655
4 1315 474 1755 2614 2079 897 706 1591 1758 2404
5 1243 1601 1578 2150 610 1614 1803 1446 1833 2484
6 63 2520 1839 2283 1571 2044 1683 939 1183 2529
7 2247 2133 830 153 2023 92 1944 2484 453 1626
8 518 2187 885 2230 681 1139 98 819 1833 1052
9 2122 666 616 1086 2141 1496 1713 1123 904 1140
10 685 620 2265 471 1054 1789 537 89 1364 962
11 1697 2288 947 2140 347 1820 896 1320 2505 850
12 2593 2535 263 595 2460 1710 345 1556 2119 1812
13 897 743 2614 2079 2373 468 474 920 2404 1986
14 332 1683 1960 1421 2486 1230 257 2343 455 934
15 1417 510 1322 1075 1429 1782 1290 1825 2481 1748
16 203 2158 1806 1613 2311 891 2307 2361 1705 1660
17 1706 881 422 833 278 727 1917 2397 2094 1139
18 1810 1503 949 752 1842 2549 789 1558 533 75
19 2614 2038 2416 1960 706 743 2185 2017 980 927
20 357 13 2279 1994 1211 1666 336 73 359 40
21 417 2438 1851 229 1566 1661 45 1296 300 58
22 1700 158 1815 2335 1746 1205 161 1491 2111 234
23 2586 1410 634 2119 427 1580 544 2340 1006 1237
24 2123 177 1562 313 93 401 1228 1978 1704 1934
25 265 98 1009 1497 1819 2267 970 305 2258 1278
26 1235 1034 1688 20 1284 282 494 1822 277 1662
27 312 82 2220 2143 936 2267 625 824 1381 517
28 2150 1604 693 390 144 1446 931 610 2133 1037
29 49 2050 467 2011 427 1433 867 899 2530 2583
30 1791 841 1598 1240 1850 430 1564 2607 1957 1669
31 1616 1123 732 1086 1140 904 747 2141 2509 616
32 929 779 719 832 2603 1978 1219 2456 700 1802
33 1764 165 1836 584 1926 640 1720 2424 1999 180
34 341 1347 1583 1325 2274 2053 85 1443 75 2098
35 395 2188 1415 915 2566 235 1835 2598 1680 492
36 144 1353 1104 570 2178 2539 423 390 23 2134
37 2119 337 317 558 858 1774 2389 634 107 1770
38 814 2219 1891 1147 1196 998 1506 1626 198 736
39 2138 1587 105 1076 1225 409 5 2216 623 2360
40 1001 435 474 1986 2079 1949 1315 897 2373 1757
41 1482 173 348 2064 870 1661 2425 2194 1226 907
42 1788 1594 2114 1500 340 2328 231 1056 1297 1444
43 2420 1921 908 2029 1997 314 1914 600 2376 2386
44 2554 349 22 1559 1274 1279 228 234 729 446
45 2454 742 2476 2444 2460 2593 2123 107 824 1978
46 2043 1414 805 911 867 2163 1597 1038 753 810
47 2314 990 1586 524 851 1638 38 2012 1037 114
48 1966 314 2418 1457 450 1528 870 790 1443 1014
49 1215 2540 354 2126 2201 471 1627 2497 868 324
50 823 489 1618 1498 1755 846 196 1711 2038 221
51 1647 2045 353 1557 1052 2273 1994 1337 1640 195
52 1147 1520 2540 256 2247 1626 2280 87 240 247
53 1133 1894 1684 1667 415 1635 644 1178 707 1267
54 1710 1810 1812 1072 1644 2174 595 2425 314 2166
55 976 869 2606 1168 382 24 1080 2473 114 1466
56 2580 2373 725 2330 271 1311 883 1001 1960 1440
57 696 2233 2005 1619 784 187 2575 1188 2597 554
58 567 1654 307 1031 591 407 1185 1432 16 773
59 2344 736 1811 2245 1196 255 1794 1054 98 1337
60 163 82 927 617 485 982 2587 2143 61 1323
61 981 1595 2282 2317 1447 2479 2139 1384 1409 1456
62 725 196 743 2017 1986 2079 1401 2404 897 468
63 324 797 868 1849 685 2201 471 1985 1473 1012
64 2440 782 161 805 2522 1491 2592 2032 1855 475
65 989 2204 148 1908 139 1022 2271 876 583 2257
66 1434 83 2160 1648 693 2150 610 756 2133 285
67 916 1538 2031 1299 513 674 1052 968 222 1849
68 2612 2578 973 560 1702 99 1218 1008 2465 197
69 2166 1780 314 1710 2386 1528 1715 595 2542 64
70 2511 1249 1155 193 1978 681 391 372 1895 1785
71 2011 1602 824 1470 454 363 1040 1213 1854 517
72 2428 101 1453 1102 2502 2513 1725 2384 1915 2239
73 314 1457 450 2376 2166 1528 1715 908 1710 251
74 1512 2179 662 108 234 2095 2238 465 1586 1073
75 529 1872 1950 682 1682 771 1737 1996 2025 551
76 3 2392 1611 124 460 542 304 227 1589 106
77 790 1527 100 988 1024 226 1799 509 535 1292
78 911 1405 1226 175 881 1454 2504 2043 337 570
79 7 1244 2060 2345 1940 439 122 2398 716 1534
80 1454 911 936 1597 2335 1182 2504 175 1381 1981
81 2366 817 14 795 1275 2174 1914 2124 1810 2386
82 1380 984 233 1532 408 631 164 633 796 1468
83 1351 853 519 677 1362 1329 30 1021 2277 86
84 812 2419 245 79 1770 1900 647 1110 2170 605
85 109 198 1506 1128 1891 2420 1147 682 1901 1044
86 2355 1556 1212 1774 360 544 1286 1531 1933 500
87 1234 10 120 610 285 2124 693 2179 2386 1784
88 852 2585 865 776 25 2589 1357 2382 596 937
89 2070 1878 420 2311 1771 585 1400 57 1447 893
90 903 1443 882 1033 2303 2037 949 1416 1553 1881
91 1595 1447 2317 2395 1409 2479 1456 940 1101 981
92 1692 2536 70 1287 1696 2184 483 1393 1207 1774
93 1914 2386 2425 2420 2174 14 548 2366 85 908
94 2050 972 2204 2213 1433 1300 1795 2058 967 242
95 2009 2467 1967 690 2341 576 544 1366 1710 23
96 908 934 1135 1723 1437 1228 1812 241 2260 544
97 1574 1447 2139 2317 2282 1006 893 2479 2494 1762
98 1528 2542 314 1457 1864 1014 2166 2593 1878 332
99 2093 1710 2386 186 2436 1812 526 862 595 2166
100 2174 1050 49 778 1234 1459 795 899 119 2240
101 2321 1394 907 1197 2064 1661 58 72 45 348
102 167 1930 1173 1703 561 650 886 665 2167 1554
103 1626 1147 198 998 1891 2452 1506 2540 1901 354
104 1986 1870 271 2580 1 1663 897 1401 206 2373
105 558 2165 791 1040 2010 219 971 634 1041 269
